1.301583647727966309e-01 3.397431373596191406e-01 3.069720864295959473e-01 1.729337573051452637e-01 7.589022517204284668e-01 3.882546424865722656e-01
9.921963214874267578e-01 3.325718641281127930e-02 2.546132802963256836e-01 5.337967276573181152e-01 1.838397383689880371e-01 -5.331851840019226074e-01
9.927443861961364746e-01 4.696466326713562012e-01 7.848433852195739746e-01 1.182156801223754883e-01 1.913706660270690918e-01 3.060929179191589355e-01
9.457790255546569824e-01 7.222537994384765625e-01 9.483359456062316895e-01 8.596419095993041992e-01 1.768096089363098145e-01 1.060835361480712891e+00
9.427241086959838867e-01 2.502245306968688965e-01 3.902201056480407715e-01 7.739233970642089844e-02 9.558184146881103516e-01 3.142613172531127930e-02
8.835538625717163086e-01 6.686598062515258789e-01 8.180737495422363281e-01 7.246661782264709473e-01 9.033048748970031738e-01 6.984806060791015625e-01
7.151396274566650391e-01 9.729145765304565430e-01 3.438494801521301270e-01 7.077605128288269043e-01 6.464642286300659180e-02 -2.035799622535705566e-02
8.468306064605712891e-01 8.589214086532592773e-01 7.248504757881164551e-01 2.974320054054260254e-01 6.557886600494384766e-01 1.249297142028808594e+00
1.342511177062988281e-01 6.698685884475708008e-01 8.863498568534851074e-01 8.594894409179687500e-02 1.353024244308471680e-01 2.993847727775573730e-01
7.258389592170715332e-01 2.696175575256347656e-01 2.798145413398742676e-01 5.666671395301818848e-01 4.425758123397827148e-02 -5.872094631195068359e-02
9.893355965614318848e-01 5.080908536911010742e-02 2.670755386352539062e-01 4.625338315963745117e-02 8.588311672210693359e-01 -5.260682106018066406e-01
8.111169934272766113e-01 7.204328775405883789e-01 3.621181249618530273e-01 5.024660229682922363e-01 7.866514325141906738e-01 7.312467098236083984e-01
8.740521669387817383e-01 5.435139536857604980e-01 9.156858325004577637e-01 9.133036136627197266e-01 1.502555608749389648e-02 6.201767325401306152e-01
8.225221037864685059e-01 1.587897539138793945e-02 5.893684625625610352e-01 8.183733820915222168e-01 9.302635192871093750e-01 -3.981258273124694824e-01
9.999513030052185059e-01 9.452977180480957031e-01 6.430567502975463867e-01 5.410246849060058594e-01 1.299716234207153320e-01 5.912219285964965820e-01
3.669054508209228516e-01 4.583420157432556152e-01 2.824056744575500488e-01 4.418691992759704590e-01 7.133080959320068359e-01 1.074912548065185547e+00
9.289458394050598145e-01 8.046426773071289062e-01 3.491592407226562500e-02 2.260142564773559570e-02 9.001109600067138672e-01 -6.316390633583068848e-01
8.992278575897216797e-01 8.394405841827392578e-01 7.044643759727478027e-01 8.244073987007141113e-01 5.863451957702636719e-01 -1.418527960777282715e-01
1.479230821132659912e-01 8.066108226776123047e-01 2.646220922470092773e-01 9.992396831512451172e-01 7.123888731002807617e-01 -1.477562785148620605e-01
9.381829947233200073e-02 4.183105826377868652e-01 7.091705799102783203e-01 6.472079157829284668e-01 5.037741661071777344e-01 2.148449420928955078e-01
9.981948137283325195e-01 9.137917160987854004e-01 4.187883734703063965e-01 5.806815624237060547e-02 3.400410413742065430e-01 -4.477400183677673340e-01
5.550465080887079239e-03 8.610582351684570312e-02 5.034456849098205566e-01 1.296052336692810059e-01 4.574051499366760254e-01 6.266455352306365967e-02
4.664750099182128906e-01 9.529061913490295410e-01 2.630855441093444824e-01 3.942145705223083496e-01 5.069786906242370605e-01 5.060365796089172363e-01
2.494695335626602173e-01 1.002337932586669922e-01 4.107510447502136230e-01 3.219112753868103027e-01 1.103984713554382324e-01 3.511605858802795410e-01
9.934159517288208008e-01 9.787317514419555664e-01 5.185238718986511230e-01 9.420281052589416504e-01 8.717528581619262695e-01 -1.178244650363922119e-01
9.994023442268371582e-01 4.894636869430541992e-01 2.606821060180664062e-01 4.238918423652648926e-01 3.777068257331848145e-01 -3.582522273063659668e-02
2.335650380700826645e-03 2.446556091308593750e-01 9.427908062934875488e-01 8.870425820350646973e-01 7.237723469734191895e-01 9.269125461578369141e-01
1.038866639137268066e-01 9.629021286964416504e-01 5.104053020477294922e-02 2.586834430694580078e-01 1.269611120223999023e-01 4.610711336135864258e-01
1.699578613042831421e-01 7.942039370536804199e-01 9.693629145622253418e-01 7.953745722770690918e-01 1.250891685485839844e-01 1.609173774719238281e+00
2.397226095199584961e-01 9.364598989486694336e-01 1.057553887367248535e-01 8.324484825134277344e-01 4.044458270072937012e-01 -2.446106672286987305e-01
9.816329181194305420e-02 7.326138019561767578e-02 3.649068474769592285e-01 1.769784092903137207e-01 4.100117683410644531e-01 -2.277496755123138428e-01
8.264522254467010498e-02 3.136396408081054688e-04 2.364013791084289551e-01 7.190208435058593750e-01 3.483659029006958008e-01 4.675336182117462158e-02
2.833006978034973145e-01 4.315876960754394531e-02 1.589323282241821289e-01 4.255155324935913086e-01 3.522204756736755371e-01 6.016514897346496582e-01
2.851376682519912720e-02 7.143953442573547363e-01 9.623515605926513672e-01 1.888902783393859863e-01 5.522758364677429199e-01 -2.174217104911804199e-01
1.030430570244789124e-01 1.933509707450866699e-01 2.914105057716369629e-01 5.459523797035217285e-01 7.763277292251586914e-01 7.101745605468750000e-01
9.946219325065612793e-01 2.887328267097473145e-01 1.953245997428894043e-01 6.768856048583984375e-01 1.766620874404907227e-01 -7.285296916961669922e-03
8.314185142517089844e-01 6.941196322441101074e-01 1.298127174377441406e-01 6.278812885284423828e-02 1.823103427886962891e-01 4.806248843669891357e-01
9.631713628768920898e-01 3.797723650932312012e-01 5.082343816757202148e-01 7.989637851715087891e-01 5.121234059333801270e-01 -1.793601214885711670e-01
3.248606920242309570e-01 2.874660491943359375e-01 5.996184349060058594e-01 5.064064264297485352e-01 4.731512665748596191e-01 1.192136883735656738e+00
8.290505409240722656e-01 1.058613657951354980e-01 1.725976467132568359e-01 9.754303693771362305e-01 9.695502519607543945e-01 7.967166304588317871e-01
9.990477561950683594e-01 6.873823404312133789e-01 2.236617803573608398e-01 1.888327002525329590e-01 3.041985034942626953e-01 -3.847357630729675293e-01
7.363575696945190430e-01 1.406548023223876953e-01 2.748504877090454102e-01 7.478466033935546875e-01 3.000521659851074219e-02 7.492299675941467285e-01
6.761149764060974121e-01 4.536311030387878418e-01 1.118956208229064941e-01 9.288435578346252441e-01 2.931883931159973145e-01 1.512485265731811523e+00
5.714343786239624023e-01 3.998265862464904785e-01 1.539646387100219727e-01 4.395577311515808105e-01 2.189165353775024414e-02 1.164984464645385742e+00
2.197920829057693481e-01 1.452260017395019531e-01 5.497122406959533691e-01 6.659038662910461426e-01 5.564887523651123047e-01 1.380667686462402344e+00
9.057990312576293945e-01 2.328997850418090820e-01 7.241973876953125000e-01 8.540930151939392090e-01 5.941951870918273926e-01 -3.958043158054351807e-01
9.701574593782424927e-02 8.026967644691467285e-01 3.500348925590515137e-01 6.723357439041137695e-01 5.147766470909118652e-01 4.501654207706451416e-01
9.994054436683654785e-01 8.411295413970947266e-01 6.196404695510864258e-01 4.930065870285034180e-01 1.335654258728027344e-01 6.457890272140502930e-01
4.942021965980529785e-01 2.789294719696044922e-02 2.145947217941284180e-01 1.832749843597412109e-01 6.733796000480651855e-01 5.854290127754211426e-01
9.606655836105346680e-01 8.813476562500000000e-01 5.900248885154724121e-01 8.836495876312255859e-01 4.103456735610961914e-01 3.978858292102813721e-01
7.732720971107482910e-01 4.245257973670959473e-01 1.140252351760864258e-01 7.810497283935546875e-02 3.759248256683349609e-01 2.870412468910217285e-01
1.321434415876865387e-02 4.356250762939453125e-01 7.747087478637695312e-01 9.413669705390930176e-01 8.941176533699035645e-01 8.154366612434387207e-01
3.265653550624847412e-02 4.277597665786743164e-01 4.936611056327819824e-01 8.204323649406433105e-01 2.390555739402770996e-01 5.193409919738769531e-01
7.782322168350219727e-01 7.504218220710754395e-01 4.622087478637695312e-01 8.550601005554199219e-01 7.893548607826232910e-01 5.665408968925476074e-01
9.967992305755615234e-01 4.025895595550537109e-01 7.291944622993469238e-01 1.821016073226928711e-01 7.199223041534423828e-01 2.086372524499893188e-01
8.775393366813659668e-01 6.336740851402282715e-01 5.599873661994934082e-01 6.511576771736145020e-01 2.009785175323486328e-02 5.875912904739379883e-01
1.603808067739009857e-02 9.031441807746887207e-01 1.804003715515136719e-01 4.156434535980224609e-02 3.414213657379150391e-03 2.268672734498977661e-01
8.469064831733703613e-01 8.280782699584960938e-01 5.518829226493835449e-01 9.337337017059326172e-01 4.113981723785400391e-01 7.416657209396362305e-01
9.461813569068908691e-01 1.620150208473205566e-01 6.423559784889221191e-01 5.809736251831054688e-02 3.239559531211853027e-01 5.539253950119018555e-01
4.211207926273345947e-01 9.182806611061096191e-01 8.564963340759277344e-01 6.508351564407348633e-01 4.056286811828613281e-01 1.505317211151123047e+00
2.879171073436737061e-01 1.895862221717834473e-01 6.038780808448791504e-01 6.856657266616821289e-01 8.825086355209350586e-01 1.288140863180160522e-01
3.047988712787628174e-01 2.974359989166259766e-01 5.193923711776733398e-01 9.000303745269775391e-01 6.899219751358032227e-01 1.134158730506896973e+00
1.000582128763198853e-01 6.021374464035034180e-01 6.895228624343872070e-01 2.637892365455627441e-01 3.012152910232543945e-01 -1.145566225051879883e+00
6.887511610984802246e-01 6.368408799171447754e-01 6.305170059204101562e-01 1.878253221511840820e-01 1.701301932334899902e-01 3.724789917469024658e-01
8.165382742881774902e-01 3.453004360198974609e-01 1.887520551681518555e-01 3.046942353248596191e-01 3.498353958129882812e-01 9.685474634170532227e-01
5.341637134552001953e-01 5.187623500823974609e-01 6.782714724540710449e-01 5.499245524406433105e-01 7.298418879508972168e-01 1.156066298484802246e+00
9.274433255195617676e-01 4.642902612686157227e-01 2.346211075782775879e-01 8.021152019500732422e-01 3.248339295387268066e-01 6.359919905662536621e-01
9.999134540557861328e-01 6.404336690902709961e-01 3.927910923957824707e-01 8.536411523818969727e-01 7.004656195640563965e-01 4.761956036090850830e-01
4.084922671318054199e-01 6.820425987243652344e-01 7.584964632987976074e-01 1.014395952224731445e-01 6.619185209274291992e-01 3.658908307552337646e-01
9.722431302070617676e-01 9.379904866218566895e-01 1.156359314918518066e-01 4.349129796028137207e-01 8.297678232192993164e-01 -1.685976684093475342e-01
8.262844085693359375e-01 8.328429460525512695e-01 3.138552904129028320e-01 6.332758069038391113e-01 8.350737094879150391e-01 -3.380250930786132812e-01
4.469899833202362061e-01 5.590575337409973145e-01 3.925929069519042969e-01 9.347914457321166992e-01 1.672899723052978516e-02 1.456554174423217773e+00
1.174583472311496735e-02 1.243384480476379395e-01 3.664248585700988770e-01 5.970444679260253906e-01 4.022715091705322266e-01 6.494083404541015625e-01
1.404917240142822266e-01 5.321822166442871094e-01 7.388554811477661133e-01 8.589236140251159668e-01 7.936089634895324707e-01 1.772077381610870361e-01
5.592566132545471191e-01 3.963418006896972656e-01 5.093900561332702637e-01 4.399265050888061523e-01 6.212132573127746582e-01 1.359640359878540039e+00
5.006273388862609863e-01 8.993035554885864258e-02 9.200000166893005371e-01 1.058455109596252441e-01 1.523993015289306641e-01 1.354974985122680664e+00
1.477894932031631470e-01 4.038302302360534668e-01 9.350231289863586426e-01 3.874123096466064453e-01 4.737032055854797363e-01 5.881696939468383789e-02
6.248437762260437012e-01 1.226233839988708496e-01 1.031200289726257324e-01 3.813886642456054688e-02 9.294727444648742676e-01 1.489165723323822021e-01
1.667754724621772766e-03 4.643245339393615723e-01 1.783384680747985840e-01 9.684057235717773438e-01 9.448814392089843750e-02 -1.451098620891571045e-01
8.547616004943847656e-01 9.574127197265625000e-01 4.843282699584960938e-02 3.367399573326110840e-01 6.906509399414062500e-03 9.625512361526489258e-01
8.744945526123046875e-01 4.624207615852355957e-01 2.917784452438354492e-02 6.684781908988952637e-01 5.743677020072937012e-01 1.031708419322967529e-01
9.973685741424560547e-01 5.889723300933837891e-01 1.228290796279907227e-02 1.800712347030639648e-01 9.937980771064758301e-01 -3.588209450244903564e-01
2.806295454502105713e-01 3.880577683448791504e-01 3.406935930252075195e-02 6.337741613388061523e-01 6.233148574829101562e-01 2.138203084468841553e-01
2.743461728096008301e-01 7.129931449890136719e-02 4.420984387397766113e-01 2.010437250137329102e-01 2.308049798011779785e-01 9.235799908638000488e-01
3.022840023040771484e-01 6.132383942604064941e-01 9.793944954872131348e-01 1.363552212715148926e-01 6.186850666999816895e-01 -1.960513889789581299e-01
1.832652278244495392e-02 6.257218718528747559e-01 8.018380999565124512e-01 6.173288822174072266e-01 6.609026193618774414e-01 1.214463829994201660e+00
8.611303754150867462e-03 3.625303506851196289e-02 5.448648929595947266e-01 3.221256136894226074e-01 6.857585906982421875e-01 1.533201187849044800e-01
3.449550569057464600e-01 6.390111446380615234e-01 6.242424249649047852e-01 1.815543174743652344e-01 1.310532689094543457e-01 9.253358840942382812e-01
8.150011301040649414e-01 5.182689428329467773e-02 1.195932626724243164e-01 9.809131622314453125e-01 8.939259052276611328e-01 1.215365529060363770e-01
4.490943551063537598e-01 7.767297625541687012e-01 1.977923512458801270e-01 4.964879751205444336e-01 6.863476634025573730e-01 8.332785367965698242e-01
8.896376490592956543e-01 9.917024374008178711e-01 6.064838171005249023e-01 7.065176963806152344e-03 9.569286704063415527e-01 -7.538914680480957031e-01
6.054415106773376465e-01 2.992302179336547852e-02 2.087973356246948242e-01 9.572312831878662109e-01 2.592419981956481934e-01 5.941251516342163086e-01
3.014766871929168701e-01 4.385167956352233887e-01 9.301064610481262207e-01 4.180548191070556641e-01 9.736428856849670410e-01 2.754653394222259521e-01
3.161646127700805664e-01 6.184669137001037598e-01 7.546955943107604980e-01 2.368597388267517090e-01 5.946981906890869141e-01 5.391349196434020996e-01
4.477833807468414307e-01 7.841728925704956055e-01 3.949883580207824707e-01 9.410166740417480469e-02 2.622680664062500000e-01 1.417814731597900391e+00
4.736133813858032227e-01 8.938318490982055664e-02 3.168448805809020996e-01 8.845187425613403320e-01 7.181406021118164062e-01 2.964036464691162109e-01
9.652643203735351562e-01 2.397155165672302246e-01 7.568617463111877441e-01 7.919951677322387695e-01 4.080843329429626465e-01 4.490205943584442139e-01
2.958892881870269775e-01 9.991117715835571289e-01 9.177266955375671387e-01 5.237036943435668945e-01 7.385363578796386719e-01 2.726685404777526855e-01
1.679082810878753662e-01 4.750656485557556152e-01 6.971343159675598145e-01 7.023501396179199219e-01 4.140558242797851562e-01 1.222249984741210938e+00
1.042627822607755661e-02 7.687564492225646973e-01 1.254844069480895996e-01 6.048986911773681641e-01 8.745431900024414062e-01 9.849637746810913086e-01
4.280230998992919922e-01 4.036695957183837891e-01 5.198152065277099609e-01 2.943949103355407715e-01 9.230506420135498047e-01 5.200129747390747070e-01
9.630201458930969238e-01 2.869379520416259766e-02 2.631258964538574219e-01 3.706610202789306641e-02 1.404848694801330566e-01 -4.479068219661712646e-01
7.266847491264343262e-01 8.906116485595703125e-01 6.036072969436645508e-01 5.034177303314208984e-01 4.848914146423339844e-01 2.080877125263214111e-01
7.854754328727722168e-01 3.672683238983154297e-01 5.088508129119873047e-03 1.992107033729553223e-01 1.088945269584655762e-01 -5.381323695182800293e-01
5.804302170872688293e-03 4.198089241981506348e-01 1.627938151359558105e-01 6.351459026336669922e-02 1.131788492202758789e-01 3.284528851509094238e-03
8.570413589477539062e-01 7.284848093986511230e-01 4.012908935546875000e-01 5.262489318847656250e-01 1.658344268798828125e-01 -5.634723901748657227e-01
5.914642214775085449e-01 4.005014896392822266e-01 9.217336177825927734e-01 1.737955808639526367e-01 2.288203239440917969e-01 -1.655883789062500000e-01
9.498137235641479492e-01 6.187018156051635742e-01 3.675326108932495117e-01 5.881967544555664062e-01 5.379161834716796875e-01 2.503698766231536865e-01
4.754301905632019043e-01 9.069077372550964355e-01 9.478812813758850098e-01 8.407568931579589844e-01 5.593491196632385254e-01 1.636740684509277344e+00
4.756688177585601807e-01 8.562225103378295898e-02 6.891614198684692383e-01 5.955272912979125977e-01 2.812931537628173828e-01 9.841188788414001465e-01
8.650494813919067383e-01 5.653014183044433594e-01 4.407137036323547363e-01 1.215596795082092285e-01 5.383797287940979004e-01 3.968911170959472656e-01
8.234873414039611816e-01 9.204941391944885254e-01 4.781398773193359375e-01 3.779422640800476074e-01 1.956567764282226562e-01 1.848276555538177490e-01
9.996029138565063477e-01 5.707471966743469238e-01 8.333764672279357910e-01 3.078333139419555664e-01 6.099235415458679199e-01 -2.847469151020050049e-01
5.734267234802246094e-01 1.137323379516601562e-01 1.250088810920715332e-01 6.919163465499877930e-01 6.105321645736694336e-02 6.624788045883178711e-02
8.692035079002380371e-01 5.300968289375305176e-01 6.184545755386352539e-01 9.214827418327331543e-01 1.409491300582885742e-01 1.197211980819702148e+00
4.352528452873229980e-01 2.109911441802978516e-01 8.189072012901306152e-01 8.209845423698425293e-01 5.978496074676513672e-01 -2.416790127754211426e-01
3.233487904071807861e-01 6.652795076370239258e-01 7.145412564277648926e-01 5.302956700325012207e-01 3.906934261322021484e-01 -3.359457850456237793e-02
9.905695915222167969e-01 7.595713138580322266e-01 1.390773653984069824e-01 1.406139731407165527e-01 9.826943278312683105e-01 3.806294202804565430e-01
8.975268602371215820e-01 9.764648079872131348e-01 5.044657588005065918e-01 2.308755517005920410e-01 6.984952688217163086e-01 8.600063323974609375e-01
1.923068612813949585e-01 2.112835049629211426e-01 1.089715957641601562e-01 3.906393051147460938e-01 7.340823411941528320e-01 -5.610326528549194336e-01
1.722281612455844879e-02 7.358838915824890137e-01 2.721752524375915527e-01 7.673162817955017090e-01 7.920416593551635742e-01 1.029166460037231445e+00
9.505864381790161133e-01 8.639525175094604492e-01 7.730469703674316406e-01 8.981670737266540527e-01 7.012747526168823242e-01 3.171292543411254883e-01
1.031408831477165222e-01 8.190039992332458496e-01 5.636982917785644531e-01 3.915883898735046387e-01 4.583094120025634766e-01 7.037775516510009766e-01
1.205814480781555176e-01 5.287255644798278809e-01 1.500012874603271484e-01 1.520813107490539551e-01 9.273637533187866211e-01 -6.595499515533447266e-01
6.089534144848585129e-04 1.237035393714904785e-01 3.988865613937377930e-01 4.191268682479858398e-01 2.060300111770629883e-01 1.173383221030235291e-01
5.782180652022361755e-02 2.547425627708435059e-01 1.133093833923339844e-01 9.984239339828491211e-01 9.705274701118469238e-01 7.714661955833435059e-01
9.966797232627868652e-01 4.533648490905761719e-02 7.710220813751220703e-01 4.574938416481018066e-01 4.208666086196899414e-02 8.197729587554931641e-01
9.785621762275695801e-01 4.817768335342407227e-01 5.700063705444335938e-02 6.667213439941406250e-01 3.068158030509948730e-01 -9.699165821075439453e-03
9.730192422866821289e-01 6.958903074264526367e-01 7.703472375869750977e-01 3.200948834419250488e-01 2.598768472671508789e-02 4.094900786876678467e-01
9.827219843864440918e-01 8.291016221046447754e-01 3.052775263786315918e-01 6.874998211860656738e-01 8.808996677398681641e-01 8.638322353363037109e-01
1.276090890169143677e-01 4.292188286781311035e-01 5.779075622558593750e-01 9.856532812118530273e-01 5.403323769569396973e-01 4.804119467735290527e-01
6.692514419555664062e-01 6.880434751510620117e-01 1.577188968658447266e-01 9.384367465972900391e-01 9.840893745422363281e-02 2.784596681594848633e-01
5.831925272941589355e-01 2.858602404594421387e-01 8.197860717773437500e-01 8.674964308738708496e-01 5.681069493293762207e-01 8.790702223777770996e-01
4.339536651968955994e-02 1.040400266647338867e-01 3.975979089736938477e-01 5.564751029014587402e-01 4.773209095001220703e-01 4.980700612068176270e-01
3.746777176856994629e-01 1.036410331726074219e-01 7.978357076644897461e-01 2.943177223205566406e-01 6.535568833351135254e-01 1.915611982345581055e+00
4.860671609640121460e-02 4.996738433837890625e-01 1.282144784927368164e-01 1.499882936477661133e-01 2.454081177711486816e-01 -1.470810323953628540e-01
9.999868869781494141e-01 4.092080593109130859e-01 2.388089895248413086e-01 9.903038740158081055e-01 8.615165352821350098e-01 1.345562934875488281e-02
7.236179113388061523e-01 4.336636066436767578e-01 9.627133607864379883e-01 6.969751119613647461e-01 1.105090975761413574e-01 2.368747889995574951e-01
3.447129726409912109e-01 6.177178025245666504e-01 6.020579934120178223e-01 4.940965771675109863e-01 1.444084644317626953e-01 6.718468070030212402e-01
3.175219893455505371e-01 3.062377572059631348e-01 8.122013807296752930e-01 3.042982816696166992e-01 3.097272515296936035e-01 5.069884657859802246e-02
9.952034354209899902e-01 7.989856600761413574e-01 6.542103886604309082e-01 7.693380117416381836e-02 2.828649282455444336e-01 3.701241612434387207e-01
9.850737452507019043e-01 6.638464927673339844e-01 4.829102754592895508e-01 4.379356503486633301e-01 2.827022671699523926e-01 2.755576670169830322e-01
9.850278496742248535e-01 7.325798869132995605e-01 1.791201829910278320e-01 2.575980424880981445e-01 7.680383324623107910e-01 4.174629449844360352e-01
4.489096701145172119e-01 2.465109825134277344e-01 7.391574382781982422e-01 8.802173733711242676e-01 4.706236720085144043e-01 7.422477602958679199e-01
3.773096799850463867e-01 2.041172385215759277e-01 2.274211645126342773e-01 4.554592370986938477e-01 1.601445674896240234e-01 1.423105150461196899e-01
9.057203531265258789e-01 3.048998117446899414e-02 3.984026312828063965e-01 6.065161228179931641e-01 7.899896502494812012e-01 -8.984003961086273193e-02
4.840239584445953369e-01 1.304971575736999512e-01 1.195817589759826660e-01 7.035619020462036133e-01 1.272847056388854980e-01 -1.428461670875549316e-01
4.421162884682416916e-03 5.220097303390502930e-01 2.090544700622558594e-01 5.897354483604431152e-01 3.512203693389892578e-01 -1.691758930683135986e-01
9.911430478096008301e-01 8.253729939460754395e-01 2.640818953514099121e-01 1.535457968711853027e-01 3.223298192024230957e-01 -1.821925044059753418e-01
4.062546044588088989e-02 3.582037687301635742e-01 2.481673955917358398e-01 3.046960234642028809e-01 4.649539589881896973e-01 -4.815869927406311035e-01
9.406591653823852539e-01 8.863379955291748047e-01 8.869426846504211426e-01 9.094500541687011719e-01 5.865985155105590820e-01 6.732192039489746094e-01
9.916424155235290527e-01 4.124171137809753418e-01 2.770061492919921875e-01 6.911599040031433105e-01 7.647940516471862793e-01 6.150316596031188965e-01
2.600426375865936279e-01 1.584376692771911621e-01 3.570910692214965820e-01 4.060029983520507812e-02 1.108188629150390625e-01 -7.248734831809997559e-01
3.621544837951660156e-01 8.331446647644042969e-01 2.070897817611694336e-02 4.108000993728637695e-01 4.129640460014343262e-01 7.530759572982788086e-01
6.272675395011901855e-01 5.320311784744262695e-01 4.253349900245666504e-01 9.604045152664184570e-01 6.974655985832214355e-01 -1.573416590690612793e-01
7.974961996078491211e-01 3.647669553756713867e-01 4.153417348861694336e-01 7.334607839584350586e-02 5.354626774787902832e-01 -4.422215223312377930e-01
8.374508619308471680e-01 8.043621778488159180e-01 5.995874404907226562e-01 3.469128608703613281e-01 7.514077425003051758e-02 -3.522639572620391846e-01
9.898394942283630371e-01 3.908094763755798340e-01 4.893583059310913086e-01 9.231863021850585938e-01 7.619010210037231445e-01 1.884133070707321167e-01
9.998024106025695801e-01 3.805968761444091797e-01 5.870044231414794922e-01 8.396492004394531250e-01 5.968479514122009277e-01 5.451020598411560059e-02
5.120366215705871582e-01 5.817310810089111328e-01 2.766207456588745117e-01 3.532090783119201660e-01 9.402632713317871094e-03 1.278178453445434570e+00
5.433044433593750000e-01 7.153971195220947266e-01 1.657146215438842773e-01 4.398715496063232422e-01 6.090699434280395508e-01 3.419522941112518311e-01
5.421655178070068359e-01 2.215982079505920410e-01 3.890265822410583496e-01 3.370545506477355957e-01 3.388867974281311035e-01 5.150867700576782227e-01
9.512930512428283691e-01 3.657535314559936523e-01 8.642495274543762207e-01 8.450655341148376465e-01 5.760287046432495117e-01 3.639469146728515625e-01
9.578477740287780762e-01 6.139048337936401367e-01 8.139759898185729980e-01 9.275053143501281738e-01 2.193450927734375000e-04 2.482632994651794434e-01
9.807693362236022949e-01 8.150881528854370117e-01 9.256553649902343750e-01 2.402420639991760254e-01 2.683622837066650391e-01 5.213162302970886230e-02
1.653019189834594727e-01 3.767590522766113281e-01 8.632391095161437988e-01 8.509114384651184082e-01 3.918771147727966309e-01 3.078779578208923340e-02
7.510299086570739746e-01 9.066007137298583984e-01 8.170034289360046387e-01 5.761158466339111328e-02 5.414224863052368164e-01 6.408194303512573242e-01
6.758618950843811035e-01 4.409086704254150391e-02 4.209612011909484863e-01 3.637789487838745117e-01 3.581844568252563477e-01 5.558465421199798584e-02
3.161277472972869873e-01 3.776093721389770508e-01 4.397623538970947266e-01 7.150651812553405762e-01 6.782575249671936035e-01 5.395230054855346680e-01
5.173065662384033203e-01 4.980725049972534180e-02 9.856212139129638672e-02 5.350944399833679199e-01 6.593130230903625488e-01 6.871455907821655273e-01
9.178081154823303223e-01 1.160193085670471191e-01 6.105254888534545898e-01 8.879935741424560547e-02 2.921825051307678223e-01 6.288032531738281250e-01
4.122131764888763428e-01 8.496752381324768066e-01 3.653111457824707031e-01 2.602853775024414062e-01 8.410095572471618652e-01 2.735483646392822266e-01
4.796665012836456299e-01 5.049297213554382324e-01 8.940559029579162598e-01 8.508352041244506836e-01 9.715372920036315918e-01 1.085618376731872559e+00
2.165152132511138916e-01 9.880422353744506836e-01 3.835441470146179199e-01 7.052963376045227051e-01 2.971484661102294922e-01 3.771959543228149414e-01
4.237353801727294922e-01 7.169679403305053711e-01 5.442759394645690918e-01 4.020075201988220215e-01 2.799477577209472656e-01 1.873033046722412109e+00
7.671601772308349609e-01 7.370549440383911133e-01 1.609987020492553711e-02 5.738850831985473633e-01 1.196708083152770996e-01 4.386808276176452637e-01
9.390705227851867676e-01 1.976394653320312500e-01 4.614204168319702148e-02 1.658220291137695312e-01 8.027831315994262695e-01 2.269962131977081299e-01
3.760567009449005127e-01 8.062037825584411621e-01 7.948496937751770020e-01 7.127235531806945801e-01 6.160734295845031738e-01 1.171828031539916992e+00
6.762549877166748047e-01 5.270848274230957031e-01 8.101556897163391113e-01 3.626171350479125977e-01 1.993254423141479492e-01 2.054076194763183594e-01
8.628568053245544434e-01 8.992766141891479492e-01 5.093932151794433594e-02 9.909510612487792969e-02 4.235844016075134277e-01 -2.324277758598327637e-01
2.672954797744750977e-01 3.336104750633239746e-01 3.147894740104675293e-01 6.089660525321960449e-01 4.026433229446411133e-01 -3.141977787017822266e-01
8.626927733421325684e-01 3.623237013816833496e-01 3.069880604743957520e-01 8.095719218254089355e-01 3.337180614471435547e-01 1.751559823751449585e-01
9.860164523124694824e-01 8.480761051177978516e-01 6.803858280181884766e-02 9.798356294631958008e-01 5.829554200172424316e-01 2.209313958883285522e-01
6.778433322906494141e-01 5.514303445816040039e-01 9.225972294807434082e-01 2.552987933158874512e-01 8.653309345245361328e-01 -5.494337677955627441e-01
8.116485476493835449e-01 9.232333302497863770e-01 9.029451608657836914e-01 6.297458410263061523e-01 2.072513699531555176e-01 -2.859640121459960938e-02
3.486484289169311523e-02 1.893440485000610352e-01 3.540816307067871094e-01 2.934387922286987305e-01 9.669041037559509277e-01 -5.899885296821594238e-01
5.381326675415039062e-01 1.872859597206115723e-01 5.396335124969482422e-01 5.794034004211425781e-01 9.288849234580993652e-01 5.236316919326782227e-01
9.867810606956481934e-01 5.592693686485290527e-01 1.472513675689697266e-01 2.214065790176391602e-01 7.139154672622680664e-01 4.493368417024612427e-02
8.514095544815063477e-01 1.254484653472900391e-01 7.240118384361267090e-01 3.403841853141784668e-01 5.431773662567138672e-01 4.699181318283081055e-01
8.751133680343627930e-01 4.409974217414855957e-01 4.809646010398864746e-01 2.329325079917907715e-01 7.178772687911987305e-01 -2.179189026355743408e-01
1.850492656230926514e-01 6.953849196434020996e-01 3.875528573989868164e-01 1.650941371917724609e-01 8.780266046524047852e-01 3.000371456146240234e-01
1.934277415275573730e-01 4.063082933425903320e-01 7.574015259742736816e-01 5.347370505332946777e-01 5.157062411308288574e-01 1.084245562553405762e+00
1.368438303470611572e-01 4.872269630432128906e-01 1.476325988769531250e-01 6.922476291656494141e-01 9.868078231811523438e-01 3.513635993003845215e-01
9.341294169425964355e-01 5.156388878822326660e-01 1.473194360733032227e-01 4.479636549949645996e-01 3.465250730514526367e-01 1.608248353004455566e-01
9.000738263130187988e-01 4.343584775924682617e-01 9.214498996734619141e-01 7.484498620033264160e-01 2.927007675170898438e-01 3.944836854934692383e-01
9.882652759552001953e-01 1.635521650314331055e-01 7.213954925537109375e-01 3.711043000221252441e-01 4.915475249290466309e-01 3.637337386608123779e-01
2.444110214710235596e-01 5.368250608444213867e-02 7.287306785583496094e-01 4.161077737808227539e-02 2.300009131431579590e-01 -4.722169637680053711e-01
9.467323422431945801e-01 8.827588558197021484e-01 5.438706874847412109e-01 5.333260893821716309e-01 2.646352648735046387e-01 7.461143732070922852e-01
7.432627081871032715e-01 3.005836606025695801e-01 8.873588442802429199e-01 8.121550083160400391e-03 2.095943093299865723e-01 6.232283711433410645e-01
9.999921321868896484e-01 3.494247794151306152e-01 4.531090855598449707e-01 9.948412775993347168e-01 4.005124568939208984e-01 5.847423672676086426e-01
8.826258182525634766e-01 5.470786690711975098e-01 7.411456704139709473e-01 7.714915275573730469e-02 8.710338473320007324e-01 -4.783367216587066650e-01
6.498835235834121704e-02 4.195312857627868652e-01 7.366095185279846191e-01 4.418820142745971680e-02 3.437318801879882812e-01 7.868559360504150391e-01
6.780851483345031738e-01 9.477078318595886230e-01 8.892791867256164551e-01 7.266759276390075684e-01 4.641463756561279297e-01 1.530954837799072266e-01
9.176018834114074707e-01 1.528421640396118164e-01 5.259942412376403809e-01 6.041347980499267578e-03 4.695381522178649902e-01 1.911730468273162842e-01
4.269722476601600647e-02 7.537899017333984375e-01 5.857284665107727051e-01 8.657289743423461914e-01 6.592906117439270020e-01 -4.016462266445159912e-01
2.505384571850299835e-02 1.400502324104309082e-01 1.586872935295104980e-01 4.057722091674804688e-01 1.266635060310363770e-01 4.298887252807617188e-01
2.738598883152008057e-01 8.073527812957763672e-01 1.368798613548278809e-01 9.311817288398742676e-01 6.731390357017517090e-01 5.962219238281250000e-01
1.697727292776107788e-01 9.439399838447570801e-01 5.725443363189697266e-02 1.518947482109069824e-01 4.608635902404785156e-01 -6.524520516395568848e-01
9.676855802536010742e-02 4.103804230690002441e-01 5.008032321929931641e-01 5.804681777954101562e-01 6.951599717140197754e-01 6.316935420036315918e-01
9.119821786880493164e-01 1.765946745872497559e-01 6.855451464653015137e-01 7.399267554283142090e-01 9.985877871513366699e-01 1.496464490890502930e+00
2.925477549433708191e-02 1.037763953208923340e-01 3.143589496612548828e-01 6.856812834739685059e-01 2.917308211326599121e-01 1.343909978866577148e+00
4.163277149200439453e-02 2.538930773735046387e-01 6.072787642478942871e-01 5.506601929664611816e-01 1.942030787467956543e-01 3.280397653579711914e-01
5.144436657428741455e-02 6.741530895233154297e-01 2.380746603012084961e-02 5.088204145431518555e-01 4.594076871871948242e-01 8.264754414558410645e-01
7.845666408538818359e-01 4.837288260459899902e-01 1.434355378150939941e-01 3.402885198593139648e-01 3.445634841918945312e-01 -4.490920603275299072e-01
4.511370137333869934e-02 7.436619400978088379e-01 8.503245711326599121e-01 5.238036513328552246e-01 3.843122720718383789e-01 7.831577062606811523e-01
4.014926850795745850e-01 7.930928468704223633e-02 9.561358690261840820e-01 2.704011797904968262e-01 6.693473458290100098e-01 4.181168973445892334e-01
7.332397103309631348e-01 1.538689732551574707e-01 1.727122068405151367e-02 7.933216094970703125e-01 6.494704484939575195e-01 2.545857131481170654e-01
2.820971794426441193e-02 2.682846784591674805e-01 7.610669136047363281e-01 5.590847730636596680e-01 9.987114667892456055e-01 -3.451645374298095703e-01
9.833382368087768555e-01 9.448362588882446289e-01 6.971614956855773926e-01 8.043944835662841797e-02 7.433001995086669922e-01 -1.330973744392395020e+00
6.787898540496826172e-01 5.816169977188110352e-01 5.036960840225219727e-01 3.025639057159423828e-01 9.159819483757019043e-01 6.535927653312683105e-01
3.325884696096181870e-03 2.547410130500793457e-01 7.407894134521484375e-01 4.243370294570922852e-01 2.070142626762390137e-01 6.859906017780303955e-02
8.321753889322280884e-02 5.660958290100097656e-01 5.634402632713317871e-01 9.477022290229797363e-01 4.675464630126953125e-01 1.125001311302185059e+00
8.114640116691589355e-01 8.887756466865539551e-01 6.743245720863342285e-01 2.031326889991760254e-01 6.692686080932617188e-01 -2.504044771194458008e-01
5.347377657890319824e-01 7.439747452735900879e-01 4.243149161338806152e-01 7.587580084800720215e-01 5.953218340873718262e-01 5.447021126747131348e-01
9.020381569862365723e-01 5.851637721061706543e-01 2.445994615554809570e-01 3.733709454536437988e-01 1.711270213127136230e-01 6.998859047889709473e-01
9.431937932968139648e-01 9.613166451454162598e-01 9.676486849784851074e-01 9.796655178070068359e-01 5.377344489097595215e-01 -2.402013540267944336e-02
5.033436417579650879e-01 1.922907233238220215e-01 3.624618053436279297e-01 9.287014603614807129e-01 5.976448059082031250e-01 1.216676950454711914e+00
2.611735649406909943e-02 2.790535688400268555e-01 8.850048780441284180e-01 5.185217857360839844e-01 7.296754121780395508e-01 1.065426111221313477e+00
9.137899875640869141e-01 4.647411704063415527e-01 1.103651523590087891e-01 8.496740460395812988e-01 4.843950271606445312e-02 -6.953203678131103516e-02
3.968774378299713135e-01 4.104567170143127441e-01 3.517342805862426758e-01 3.016948699951171875e-03 8.345435857772827148e-01 -5.165827274322509766e-01
3.046888411045074463e-01 6.148473024368286133e-01 7.036530971527099609e-01 3.946635723114013672e-01 3.616819381713867188e-01 5.375528931617736816e-01
2.228323072195053101e-01 2.545219659805297852e-02 8.729475736618041992e-02 7.527471184730529785e-01 8.385571837425231934e-01 6.940257549285888672e-01
2.742922306060791016e-01 8.871345520019531250e-01 3.527750968933105469e-01 9.211637973785400391e-01 4.780972003936767578e-02 1.261756420135498047e+00
7.585666775703430176e-01 9.639820456504821777e-01 6.386303305625915527e-01 8.685338497161865234e-01 5.834795832633972168e-01 2.548068165779113770e-01
2.343254983425140381e-01 5.887434482574462891e-01 4.422397017478942871e-01 7.220700383186340332e-01 9.867917895317077637e-01 5.991523861885070801e-01
9.945934414863586426e-01 7.987234592437744141e-01 9.245083332061767578e-01 3.411998748779296875e-01 6.918228268623352051e-01 3.516067266464233398e-01
6.469363570213317871e-01 1.626205444335937500e-02 5.628359913825988770e-01 3.090224862098693848e-01 8.045116066932678223e-01 1.460682392120361328e+00
5.283840298652648926e-01 3.277969360351562500e-01 1.591539382934570312e-02 3.624978661537170410e-01 7.715517282485961914e-01 1.205739498138427734e+00
9.951864480972290039e-01 9.024460315704345703e-01 7.013550996780395508e-01 2.027201056480407715e-01 9.398288130760192871e-01 6.632594764232635498e-02
8.483762741088867188e-01 1.047604084014892578e-01 5.173546075820922852e-01 1.299077272415161133e-01 4.554439187049865723e-01 1.217479631304740906e-01
9.498235583305358887e-01 9.028813242912292480e-01 6.172523498535156250e-01 3.674537539482116699e-01 5.718560814857482910e-01 4.149780273437500000e-01
8.413118124008178711e-01 6.817871332168579102e-01 9.865039587020874023e-01 4.747542142868041992e-01 4.200245141983032227e-01 -7.055894732475280762e-01
8.152440190315246582e-01 5.330749750137329102e-01 7.157582640647888184e-01 9.877928495407104492e-01 1.079489588737487793e-01 1.111665487289428711e+00
8.682053685188293457e-01 9.568585157394409180e-01 4.260758757591247559e-01 6.163902282714843750e-01 2.564772963523864746e-01 2.282501757144927979e-01
7.701736092567443848e-01 9.396087527275085449e-01 2.006651163101196289e-01 8.478264212608337402e-01 9.200472831726074219e-01 6.815509796142578125e-01
2.682288289070129395e-01 4.346847534179687500e-02 7.557293176651000977e-01 7.598428726196289062e-01 1.268591880798339844e-01 -4.536616802215576172e-01
3.585869073867797852e-02 9.942329525947570801e-01 4.423730969429016113e-01 3.960335850715637207e-01 5.835404992103576660e-01 1.233907461166381836e+00
7.231972217559814453e-01 4.646272063255310059e-01 9.999333024024963379e-01 2.020496129989624023e-01 1.234299540519714355e-01 1.094129234552383423e-01
4.914475679397583008e-01 6.672326326370239258e-01 1.800761222839355469e-01 1.742333173751831055e-02 5.547160506248474121e-01 1.063694715499877930e+00
7.304383516311645508e-01 7.944170832633972168e-01 7.123221158981323242e-01 6.425920128822326660e-01 2.084637880325317383e-01 2.037739753723144531e-01
5.639054179191589355e-01 6.003886461257934570e-02 1.220510005950927734e-01 9.440286159515380859e-01 7.228769063949584961e-01 1.793915033340454102e-02
6.099407672882080078e-01 6.765909194946289062e-01 2.142929434776306152e-01 3.600007295608520508e-02 1.100597381591796875e-01 -4.190723896026611328e-01
4.053188562393188477e-01 7.598274350166320801e-01 1.979853510856628418e-01 7.108052968978881836e-01 8.965469598770141602e-01 7.133202552795410156e-01
7.944932579994201660e-01 5.911805033683776855e-01 7.208493947982788086e-01 8.847199082374572754e-01 5.596956610679626465e-01 3.339194357395172119e-01
2.686218619346618652e-01 3.926978707313537598e-01 3.820127248764038086e-01 5.386936664581298828e-02 6.576260328292846680e-01 7.891520857810974121e-03
1.442855227651307359e-05 5.913134813308715820e-01 6.135653257369995117e-01 3.331675529479980469e-01 5.450046658515930176e-01 3.911867141723632812e-01
6.376046221703290939e-04 7.001293897628784180e-01 6.751345992088317871e-01 6.499397754669189453e-01 1.631025075912475586e-01 5.180560946464538574e-01
3.880156278610229492e-01 9.084486961364746094e-02 2.089803814888000488e-01 9.312243461608886719e-01 1.661380529403686523e-01 1.626889705657958984e-01
7.302930355072021484e-01 1.638641357421875000e-01 7.595285177230834961e-01 6.363393664360046387e-01 3.476272821426391602e-01 6.045392155647277832e-01
6.127911210060119629e-01 6.586596965789794922e-01 6.750976443290710449e-01 3.371044993400573730e-01 1.072034239768981934e-01 6.422777771949768066e-01
8.973116874694824219e-01 7.274861931800842285e-01 2.955169677734375000e-01 5.336679220199584961e-01 3.372974395751953125e-01 5.011957883834838867e-02
4.723484814167022705e-01 7.744079828262329102e-01 2.985554933547973633e-02 3.839993476867675781e-01 6.482486128807067871e-01 9.236525297164916992e-01
9.228889942169189453e-01 1.509215235710144043e-01 5.624458789825439453e-01 3.038041591644287109e-01 2.594973444938659668e-01 3.875969350337982178e-01
4.723555147647857666e-01 6.642069816589355469e-01 1.125426292419433594e-01 9.035157561302185059e-01 8.610067367553710938e-01 1.134434103965759277e+00
3.739877045154571533e-02 6.868189573287963867e-02 7.052243947982788086e-01 6.708485484123229980e-01 1.288679838180541992e-01 6.049026250839233398e-01
8.716795593500137329e-02 6.776424050331115723e-01 9.873774051666259766e-01 1.762759685516357422e-02 5.522876977920532227e-02 6.519354581832885742e-01
9.881992340087890625e-01 5.137286782264709473e-01 8.487612009048461914e-02 8.285522460937500000e-01 7.348523139953613281e-01 -9.691715240478515625e-05
9.998506903648376465e-01 1.552708745002746582e-01 3.949645757675170898e-01 1.769230365753173828e-01 1.149494051933288574e-01 1.140179485082626343e-01
9.538357257843017578e-01 2.708440423011779785e-01 1.645569801330566406e-01 5.427250266075134277e-01 4.986556172370910645e-01 8.060883879661560059e-01
4.335550069808959961e-01 5.338028073310852051e-01 3.555104136466979980e-01 1.826071739196777344e-01 9.168503880500793457e-01 9.769186973571777344e-01
9.181823134422302246e-01 9.816215634346008301e-01 1.135361194610595703e-02 7.522220611572265625e-01 1.025937795639038086e-01 -3.641776740550994873e-01
4.328587651252746582e-02 9.069955348968505859e-01 2.277199625968933105e-01 3.246338963508605957e-01 9.482076168060302734e-01 2.030107378959655762e-02
6.116662621498107910e-01 8.327776789665222168e-01 4.333736896514892578e-01 7.743180394172668457e-01 8.973258137702941895e-01 1.302410602569580078e+00
4.102620482444763184e-01 2.417408227920532227e-01 3.175139427185058594e-02 2.868652939796447754e-01 6.423100233078002930e-01 5.255290269851684570e-01
9.920077919960021973e-01 6.773614287376403809e-01 3.074249029159545898e-01 9.560272097587585449e-01 6.685173511505126953e-01 3.927571773529052734e-01
9.618111848831176758e-01 8.678302168846130371e-01 2.601706981658935547e-02 9.756225347518920898e-01 2.908583879470825195e-01 1.221026897430419922e+00
7.887216210365295410e-01 4.564846158027648926e-01 4.228116869926452637e-01 9.624437689781188965e-01 6.518638134002685547e-01 2.480603903532028198e-01
1.190979965031147003e-02 4.393459558486938477e-01 5.442332029342651367e-01 6.796823740005493164e-01 4.256076216697692871e-01 4.570781588554382324e-01
9.929571151733398438e-01 9.511924982070922852e-01 7.184822559356689453e-01 8.634445071220397949e-01 8.383388519287109375e-01 1.235666036605834961e+00
5.781157612800598145e-01 1.763600111007690430e-02 9.761329889297485352e-01 3.293087482452392578e-01 3.673089146614074707e-01 7.715055942535400391e-01
1.878884434700012207e-02 7.108263969421386719e-01 5.055189132690429688e-01 6.931423544883728027e-01 7.143678665161132812e-01 4.468388557434082031e-01
3.708958029747009277e-01 1.738237738609313965e-01 5.520230531692504883e-02 2.912256717681884766e-01 1.895678639411926270e-01 6.338630914688110352e-01
8.229283094406127930e-01 4.228901267051696777e-01 3.803188800811767578e-01 8.576318621635437012e-01 8.085458278656005859e-01 8.495069742202758789e-01
9.363880753517150879e-01 1.359968781471252441e-01 2.925571203231811523e-01 1.426129341125488281e-01 2.558714151382446289e-02 8.072585463523864746e-01
9.269228577613830566e-01 6.908900737762451172e-01 5.896113514900207520e-01 2.414537668228149414e-01 1.857385635375976562e-01 -4.262376129627227783e-01
2.287091761827468872e-01 4.092864990234375000e-01 3.192410469055175781e-01 5.211715102195739746e-01 7.255515456199645996e-01 3.603911399841308594e-01
8.670994043350219727e-01 7.734701633453369141e-01 8.001017570495605469e-01 4.491984844207763672e-03 3.252042531967163086e-01 -5.831772089004516602e-01
9.040087461471557617e-01 2.053053975105285645e-01 2.818216681480407715e-01 3.993051648139953613e-01 7.164374589920043945e-01 -2.937217950820922852e-01
5.862398743629455566e-01 6.333205699920654297e-01 5.298334956169128418e-01 9.423396587371826172e-01 1.176557540893554688e-01 7.494044303894042969e-01
5.524156093597412109e-01 8.617091774940490723e-01 7.493114471435546875e-02 8.449298739433288574e-01 9.180837273597717285e-01 -6.713467836380004883e-02
6.438875794410705566e-01 8.511823415756225586e-02 6.901523470878601074e-01 4.461462497711181641e-01 9.116314649581909180e-01 7.916696071624755859e-01
1.983478218317031860e-01 3.232251405715942383e-01 4.107868671417236328e-02 4.138905405998229980e-01 8.413976430892944336e-02 -1.882050186395645142e-01
9.600701928138732910e-01 3.975202441215515137e-01 1.121606826782226562e-01 3.091987967491149902e-01 4.842062592506408691e-01 3.758268952369689941e-01
9.945561289787292480e-01 9.113981127738952637e-01 8.389115333557128906e-01 4.738129377365112305e-01 8.501649498939514160e-01 2.313042432069778442e-01
8.123579621315002441e-01 5.681584477424621582e-01 7.885485887527465820e-01 6.202304363250732422e-02 3.558676838874816895e-01 7.261604070663452148e-03
7.940022647380828857e-02 2.344776988029479980e-01 4.906773567199707031e-02 5.580587387084960938e-01 9.588276743888854980e-01 1.029975056648254395e+00
8.861368522047996521e-03 8.513265848159790039e-02 3.357602357864379883e-01 7.096321582794189453e-01 9.564257264137268066e-01 6.598783135414123535e-01
3.908232320100069046e-03 5.678172707557678223e-01 4.016578197479248047e-03 1.459941267967224121e-01 9.518033266067504883e-01 -4.946676790714263916e-01
8.179125785827636719e-01 9.345880746841430664e-01 1.899679899215698242e-01 6.446644067764282227e-01 3.254477977752685547e-01 -2.229018807411193848e-01
8.898120522499084473e-01 6.056365370750427246e-01 2.576498389244079590e-01 3.059544563293457031e-01 5.005672574043273926e-01 7.346848398447036743e-02
7.445178031921386719e-01 1.732960343360900879e-01 6.274541616439819336e-01 7.331039309501647949e-01 6.586763858795166016e-01 9.329863786697387695e-01
8.156800270080566406e-01 5.858553051948547363e-01 9.184097051620483398e-01 6.248148083686828613e-01 6.202616691589355469e-01 7.029551267623901367e-01
6.830058097839355469e-01 6.105722188949584961e-01 5.414428114891052246e-01 7.507731318473815918e-01 1.484989523887634277e-01 6.595351696014404297e-01
6.705931425094604492e-01 8.992639183998107910e-01 8.212195634841918945e-01 4.175518155097961426e-01 8.991552591323852539e-01 5.480418205261230469e-01
9.645376205444335938e-01 9.525421857833862305e-01 2.982037067413330078e-01 3.129613399505615234e-02 2.343170642852783203e-01 3.572385907173156738e-01
1.872071921825408936e-01 8.918945193290710449e-01 6.860895752906799316e-01 3.541687726974487305e-01 2.434110045433044434e-01 1.203555822372436523e+00
2.828411161899566650e-01 7.856141924858093262e-01 3.505385518074035645e-01 9.781941175460815430e-01 4.786606431007385254e-01 1.297047436237335205e-01
9.550887942314147949e-01 4.539304971694946289e-01 6.357842087745666504e-01 1.796126365661621094e-02 6.016607880592346191e-01 4.686717391014099121e-01
3.142346441745758057e-01 4.352136254310607910e-01 5.942139625549316406e-01 8.669075369834899902e-01 4.226517081260681152e-01 2.384141087532043457e-02
7.215237021446228027e-01 9.270063638687133789e-01 6.364169120788574219e-01 8.122816085815429688e-01 5.899893641471862793e-01 6.008494496345520020e-01
9.682734012603759766e-01 5.991083383560180664e-02 5.070312023162841797e-01 7.872209548950195312e-01 6.472728848457336426e-01 5.595731139183044434e-01
7.400000095367431641e-01 3.316594958305358887e-01 5.820400714874267578e-01 2.703531384468078613e-01 6.070400476455688477e-01 -1.659147143363952637e-01
9.982554316520690918e-01 1.591401696205139160e-01 3.237101435661315918e-01 8.409285545349121094e-01 5.412858724594116211e-01 4.840598106384277344e-01
3.813213706016540527e-01 9.116953015327453613e-01 2.516299486160278320e-01 4.822210669517517090e-01 9.048577547073364258e-01 8.839085102081298828e-01
1.761271804571151733e-02 1.173841357231140137e-01 4.880511760711669922e-02 8.859046697616577148e-01 5.790309309959411621e-01 -4.897802472114562988e-01
7.854055762290954590e-01 8.260979652404785156e-01 6.769136786460876465e-01 8.268260955810546875e-02 9.167792201042175293e-01 -5.307496786117553711e-01
1.864965707063674927e-01 8.955950736999511719e-01 9.170700907707214355e-01 7.095934748649597168e-01 2.120782136917114258e-01 7.915315628051757812e-01
1.087874695658683777e-01 3.603020310401916504e-01 8.603703379631042480e-01 4.032924771308898926e-01 8.452630639076232910e-01 -8.509136438369750977e-01
4.536214768886566162e-01 4.801728725433349609e-01 4.476174712181091309e-01 5.596033930778503418e-01 9.280838966369628906e-01 6.014461517333984375e-01
3.009018860757350922e-02 2.341406941413879395e-01 2.755343914031982422e-02 4.489073753356933594e-01 4.502078294754028320e-01 1.484397053718566895e-02
3.107165992259979248e-01 2.221251130104064941e-01 1.739020347595214844e-01 2.781569957733154297e-01 9.365188479423522949e-01 2.694922089576721191e-01
5.282092690467834473e-01 7.299304008483886719e-01 2.473034262657165527e-01 5.756400227546691895e-01 3.449161052703857422e-01 1.578773260116577148e+00
5.582739710807800293e-01 4.564499258995056152e-01 4.067056179046630859e-01 9.914366006851196289e-01 5.297012329101562500e-01 -2.860258817672729492e-01
4.795610904693603516e-01 1.817315816879272461e-02 6.599415540695190430e-01 1.539167165756225586e-01 6.361616253852844238e-01 6.465744972229003906e-01
9.781908988952636719e-01 7.356881499290466309e-01 4.124041199684143066e-01 9.589093327522277832e-01 9.575346708297729492e-01 5.941017866134643555e-01
8.465365767478942871e-01 8.878719806671142578e-01 8.079891800880432129e-01 5.262366533279418945e-01 1.532335281372070312e-01 9.311782121658325195e-01
8.315699100494384766e-01 8.156427741050720215e-01 4.593783617019653320e-02 6.089339256286621094e-01 7.102367877960205078e-01 -5.664659738540649414e-01
4.216980338096618652e-01 1.524794697761535645e-01 8.176776766777038574e-01 2.474747896194458008e-01 5.752633213996887207e-01 2.059889137744903564e-01
3.669142425060272217e-01 8.828431367874145508e-01 4.218411445617675781e-02 9.143107533454895020e-01 2.593157887458801270e-01 3.934674859046936035e-01
9.294385910034179688e-01 2.197028398513793945e-01 7.871385216712951660e-01 9.974126219749450684e-01 2.555933594703674316e-01 1.546947062015533447e-01
9.167317152023315430e-01 3.579782843589782715e-01 4.320144653320312500e-01 6.582515835762023926e-01 2.333536148071289062e-01 7.708922624588012695e-01
9.996922016143798828e-01 1.955582499504089355e-01 8.092685341835021973e-01 6.348466873168945312e-02 3.900382518768310547e-01 7.317684292793273926e-01
1.721020191907882690e-01 7.932622432708740234e-01 5.173733830451965332e-01 4.110197424888610840e-01 5.276600718498229980e-01 4.211022257804870605e-01
1.310866605490446091e-02 5.851926207542419434e-01 4.937108755111694336e-01 9.275023937225341797e-01 8.063117861747741699e-01 2.812050879001617432e-01
2.441616058349609375e-01 8.811005949974060059e-01 6.322367787361145020e-01 7.083047032356262207e-01 5.215504169464111328e-01 8.604607582092285156e-01
6.142759323120117188e-01 7.034337520599365234e-01 6.318835616111755371e-01 5.430768728256225586e-01 5.061467289924621582e-01 3.236986100673675537e-01
9.877414107322692871e-01 3.994171023368835449e-01 9.552199840545654297e-01 7.420529127120971680e-01 8.847003579139709473e-01 4.630081355571746826e-01
5.676594004034996033e-02 3.545325398445129395e-01 1.297543048858642578e-01 6.008297801017761230e-01 2.484051585197448730e-01 5.786114335060119629e-01
4.937637150287628174e-01 9.836107492446899414e-02 8.115004301071166992e-01 9.066591858863830566e-01 2.395707368850708008e-02 2.137993812561035156e+00
4.552097618579864502e-01 4.397747516632080078e-01 5.064857006072998047e-01 6.329021453857421875e-01 1.960080862045288086e-01 1.476017475128173828e+00
3.338890150189399719e-02 1.316882371902465820e-01 7.057125568389892578e-01 2.794201970100402832e-01 2.786146998405456543e-01 4.605132937431335449e-01
9.086386561393737793e-01 9.157570600509643555e-01 5.946016311645507812e-01 7.867187261581420898e-02 2.789531946182250977e-01 1.290951490402221680e+00
3.567412495613098145e-01 2.812600731849670410e-01 9.808698892593383789e-01 3.664157986640930176e-01 4.118945002555847168e-01 -5.272314548492431641e-01
9.148318767547607422e-01 3.403460979461669922e-02 7.318709492683410645e-01 3.626453876495361328e-01 9.812265038490295410e-01 -2.702414989471435547e-02
9.999053478240966797e-01 4.866122603416442871e-01 9.659898877143859863e-01 8.561580777168273926e-01 2.353670001029968262e-01 1.749540269374847412e-01
6.401099562644958496e-01 3.683118820190429688e-01 3.162006735801696777e-01 6.539293527603149414e-01 2.689158916473388672e-02 2.785879373550415039e-02
3.822545409202575684e-01 5.511981248855590820e-01 6.745465993881225586e-01 5.876725912094116211e-01 7.942730188369750977e-02 3.511687219142913818e-01
9.918150305747985840e-01 1.663179397583007812e-01 6.698088645935058594e-01 6.431221961975097656e-03 3.698520064353942871e-01 7.540008425712585449e-01
3.757185116410255432e-02 4.380398392677307129e-01 4.431130886077880859e-01 3.306941390037536621e-01 8.094923496246337891e-01 7.588986158370971680e-01
6.359051447361707687e-03 3.145503997802734375e-02 1.571651101112365723e-01 8.264704346656799316e-01 5.542328357696533203e-01 7.283844947814941406e-01
9.387047886848449707e-01 3.396044373512268066e-01 2.570319771766662598e-01 8.603757619857788086e-02 6.669580340385437012e-01 -8.681534528732299805e-01
9.771219491958618164e-01 2.529144287109375000e-03 8.189656734466552734e-01 6.059700846672058105e-01 6.203489899635314941e-01 6.091586351394653320e-01
1.082166507840156555e-01 2.817915081977844238e-01 9.039045572280883789e-01 1.594512462615966797e-01 3.221722841262817383e-01 3.171521127223968506e-01
5.434690788388252258e-02 1.920252442359924316e-01 7.238680720329284668e-01 1.227432489395141602e-02 4.318802952766418457e-01 4.744029045104980469e-01
2.366201579570770264e-01 9.204310178756713867e-02 4.325256347656250000e-01 1.420555114746093750e-01 7.145181894302368164e-01 -3.943324387073516846e-01
4.269378185272216797e-01 9.151408076286315918e-01 5.719842910766601562e-01 5.048720836639404297e-01 8.301808834075927734e-01 7.737511992454528809e-01
1.426865160465240479e-02 9.382280707359313965e-01 6.896131634712219238e-01 4.725520014762878418e-01 3.952813148498535156e-02 8.156428337097167969e-01
6.533336043357849121e-01 9.105443954467773438e-02 1.826868653297424316e-01 8.160738348960876465e-01 1.073424816131591797e-01 -7.150358557701110840e-01
7.407356053590774536e-03 2.684295177459716797e-02 5.276129245758056641e-01 4.455224275588989258e-01 2.645834088325500488e-01 7.005248665809631348e-01
3.003270030021667480e-01 6.921440362930297852e-02 9.664323329925537109e-01 3.410819172859191895e-01 4.314652681350708008e-01 1.148531436920166016e+00
3.628921508789062500e-01 8.968751430511474609e-01 1.462696790695190430e-01 3.376467227935791016e-01 9.914146065711975098e-01 8.135918378829956055e-01
4.453838169574737549e-01 3.436170816421508789e-01 5.570429563522338867e-01 2.657861113548278809e-01 6.521481275558471680e-02 5.608211159706115723e-01
2.924958169460296631e-01 9.323394298553466797e-02 2.349940538406372070e-01 3.064352273941040039e-01 4.303007721900939941e-01 7.182030677795410156e-01
9.715886712074279785e-01 1.959080100059509277e-01 8.437246084213256836e-01 7.299451828002929688e-01 5.062901973724365234e-02 2.283617854118347168e-01
1.380372643470764160e-01 9.771409630775451660e-01 3.444425463676452637e-01 3.528535366058349609e-03 9.900656938552856445e-01 2.608738541603088379e-01
5.575414299964904785e-01 2.620095014572143555e-02 2.008456587791442871e-01 2.935296297073364258e-01 4.731165766716003418e-01 7.123529911041259766e-03
9.965519309043884277e-01 2.865976095199584961e-01 4.374293684959411621e-01 4.192861318588256836e-01 9.422377347946166992e-01 2.169967889785766602e-01
6.953600049018859863e-01 8.461902141571044922e-01 8.022320270538330078e-01 3.688050508499145508e-01 3.793781995773315430e-02 6.764787435531616211e-01
9.100942015647888184e-01 4.410107135772705078e-01 5.762825608253479004e-01 8.323016166687011719e-01 1.132627129554748535e-01 9.218154549598693848e-01
1.988486796617507935e-01 7.454606890678405762e-01 4.431852698326110840e-01 8.977496623992919922e-02 5.138384103775024414e-01 5.461915731430053711e-01
8.573583364486694336e-01 5.110020041465759277e-01 2.646744251251220703e-03 5.318704247474670410e-01 3.852852582931518555e-01 5.261864066123962402e-01
5.149103999137878418e-01 2.600305080413818359e-01 7.347357273101806641e-01 8.753190040588378906e-01 5.877610445022583008e-01 8.618542551994323730e-01
6.541000604629516602e-01 2.067490816116333008e-01 5.075336098670959473e-01 9.813853502273559570e-01 4.608238935470581055e-01 -3.640297949314117432e-01
4.734907299280166626e-02 1.935890913009643555e-01 7.285944819450378418e-01 1.963937282562255859e-01 5.226761102676391602e-01 3.279274702072143555e-02
7.193435430526733398e-01 8.816012740135192871e-01 3.678935766220092773e-01 6.529870033264160156e-01 1.543255448341369629e-01 3.419442176818847656e-01
9.903622865676879883e-01 5.543312430381774902e-01 8.381857872009277344e-01 8.734909892082214355e-01 6.456526517868041992e-01 -9.493893384933471680e-02
4.133312031626701355e-02 9.505757689476013184e-01 6.281536817550659180e-01 6.471482515335083008e-01 6.850079894065856934e-01 -9.338811039924621582e-02
5.483905598521232605e-02 9.657866954803466797e-01 7.382445931434631348e-01 5.985938906669616699e-01 3.501917123794555664e-01 9.641438722610473633e-01
4.460598230361938477e-01 8.694654107093811035e-01 8.562576770782470703e-02 2.997338771820068359e-01 4.538546204566955566e-01 6.941413879394531250e-01
7.766126394271850586e-01 5.604661107063293457e-01 7.759526371955871582e-01 3.851396441459655762e-01 1.683384180068969727e-02 -4.325776398181915283e-01
8.907451629638671875e-01 6.773158311843872070e-01 6.135940551757812500e-01 3.422129154205322266e-02 4.226168394088745117e-01 4.330874383449554443e-01
1.065700128674507141e-01 1.884722709655761719e-02 9.571924209594726562e-01 2.253478765487670898e-01 3.363506793975830078e-01 3.554805815219879150e-01
9.999817013740539551e-01 8.360273838043212891e-01 9.821463823318481445e-01 8.718213438987731934e-01 3.282177448272705078e-02 7.646601200103759766e-01
2.119020372629165649e-02 1.650631427764892578e-01 3.748347163200378418e-01 5.021487474441528320e-01 3.059284687042236328e-01 2.407928556203842163e-01
6.413832306861877441e-01 5.779861211776733398e-01 6.690802574157714844e-01 9.795566201210021973e-01 7.918068766593933105e-01 1.379238367080688477e+00
8.973478674888610840e-01 9.069940447807312012e-01 4.704033732414245605e-01 4.809150099754333496e-01 1.906542778015136719e-01 7.116333842277526855e-01
8.236881494522094727e-01 6.710526943206787109e-01 2.484154701232910156e-01 5.964127182960510254e-01 8.248285055160522461e-01 1.014670729637145996e-02
8.018021583557128906e-01 3.109272718429565430e-01 1.344954967498779297e-02 5.523951649665832520e-01 3.529090285301208496e-01 1.608756631612777710e-01
8.006027340888977051e-02 3.333340883255004883e-01 2.777097821235656738e-01 5.133811235427856445e-01 5.709850192070007324e-01 2.210760861635208130e-01
5.727110505104064941e-01 1.376118659973144531e-01 1.496178507804870605e-01 4.593032002449035645e-01 4.505282640457153320e-02 3.274627327919006348e-01
9.408335685729980469e-01 9.360784292221069336e-01 8.652993440628051758e-01 3.331303596496582031e-04 5.305359959602355957e-01 6.651063263416290283e-02
2.442147396504878998e-02 1.298277378082275391e-01 8.068742156028747559e-01 5.571590662002563477e-01 7.209330797195434570e-02 7.671325206756591797e-01
9.802260994911193848e-01 4.446719288825988770e-01 8.311632871627807617e-01 6.999052166938781738e-01 7.939618825912475586e-02 1.210878968238830566e+00
9.984144568443298340e-01 3.146057128906250000e-01 3.639199733734130859e-01 3.001137375831604004e-01 4.742466211318969727e-01 -2.125368565320968628e-01
2.762826159596443176e-02 9.427814483642578125e-01 9.171232581138610840e-01 3.639612793922424316e-01 2.633105516433715820e-01 -6.810014247894287109e-01
1.994379854295402765e-04 1.478815078735351562e-02 5.618973374366760254e-01 8.264869451522827148e-01 9.879207611083984375e-02 6.646335124969482422e-01
4.830519855022430420e-01 4.051411151885986328e-02 2.239114046096801758e-02 7.214580178260803223e-01 9.519457817077636719e-04 1.529335260391235352e+00
5.699545890092849731e-02 9.197871685028076172e-01 3.851959705352783203e-01 1.880554556846618652e-01 5.735848546028137207e-01 5.045500397682189941e-01
4.722580611705780029e-01 4.940057992935180664e-01 3.385648727416992188e-01 7.841991186141967773e-01 2.756915688514709473e-01 4.594814777374267578e-01
2.013239264488220215e-02 2.500702738761901855e-01 3.942076563835144043e-01 7.892050743103027344e-01 6.492012739181518555e-01 9.398737549781799316e-02
4.414488971233367920e-01 3.123866915702819824e-01 3.797038793563842773e-01 2.189338803291320801e-01 8.501044511795043945e-01 1.543265581130981445e-02
2.138352692127227783e-01 8.845179677009582520e-01 4.366831779479980469e-01 7.375661730766296387e-01 6.652346253395080566e-01 6.242513656616210938e-01
4.433343410491943359e-01 1.452586650848388672e-01 7.128973603248596191e-01 5.534657239913940430e-01 1.638602614402770996e-01 1.199162006378173828e-01
4.840438067913055420e-01 8.953833580017089844e-02 5.134932994842529297e-01 1.946077346801757812e-01 4.317378997802734375e-02 4.888361096382141113e-01
9.816986322402954102e-01 4.445366263389587402e-01 5.249171853065490723e-01 1.182482838630676270e-01 3.404507040977478027e-01 -6.213572621345520020e-02
8.957301974296569824e-01 4.704058766365051270e-01 4.878231287002563477e-01 6.999079585075378418e-01 1.973201632499694824e-01 7.677335739135742188e-01
8.144880533218383789e-01 7.894837856292724609e-02 2.933577895164489746e-01 6.892780065536499023e-01 6.824524998664855957e-01 1.249062538146972656e+00
9.071011096239089966e-02 3.125619292259216309e-01 6.682638525962829590e-01 9.620897769927978516e-01 1.664600372314453125e-01 5.184063315391540527e-01
9.982851743698120117e-01 7.002879381179809570e-01 6.062281131744384766e-01 8.194032907485961914e-01 7.186875343322753906e-01 9.833364486694335938e-01
7.587924003601074219e-01 8.140248060226440430e-01 5.635921359062194824e-01 7.219836115837097168e-01 8.353806734085083008e-01 1.159803509712219238e+00
6.623349785804748535e-01 9.845649600028991699e-01 9.027231335639953613e-01 9.987176060676574707e-01 8.476319909095764160e-01 9.579217433929443359e-02
8.093211650848388672e-01 1.276502609252929688e-01 3.117980957031250000e-01 5.424118638038635254e-01 5.509923100471496582e-01 -1.328562200069427490e-02
4.833241403102874756e-01 4.506433010101318359e-01 7.932573556900024414e-02 1.717284321784973145e-01 1.555519700050354004e-01 -7.568706274032592773e-01
2.919539809226989746e-01 6.261456608772277832e-01 8.234794139862060547e-01 8.434835076332092285e-01 1.446009874343872070e-01 5.085771679878234863e-01
3.757460117340087891e-01 4.027667641639709473e-01 5.715778470039367676e-01 5.075642466545104980e-01 6.352831721305847168e-01 -3.910522162914276123e-01
2.782828509807586670e-01 9.630391597747802734e-01 1.799106001853942871e-01 2.348820567131042480e-01 1.743495464324951172e-02 6.528522968292236328e-01
8.558112978935241699e-01 7.470985651016235352e-01 5.469348430633544922e-01 7.027440071105957031e-01 9.046446084976196289e-01 -8.166828751564025879e-02
2.839682996273040771e-01 6.440806984901428223e-01 9.231439232826232910e-01 6.507979631423950195e-01 8.967090845108032227e-01 4.253525435924530029e-01
1.032024994492530823e-01 7.866455316543579102e-01 3.204525113105773926e-01 6.755493879318237305e-01 4.926476478576660156e-01 1.180225491523742676e+00
1.845602691173553467e-01 2.050631046295166016e-01 1.418581604957580566e-01 9.257702827453613281e-01 5.992820262908935547e-01 -8.990892171859741211e-01
9.999880790710449219e-01 6.811388134956359863e-01 1.087382435798645020e-01 4.071593284606933594e-04 5.521327257156372070e-01 3.027419447898864746e-01
8.631621599197387695e-01 3.040540218353271484e-01 7.969588041305541992e-02 9.826384782791137695e-01 8.621343374252319336e-01 8.707547187805175781e-01
9.197313189506530762e-01 8.360937237739562988e-01 6.598387956619262695e-01 7.254019379615783691e-01 3.273545503616333008e-01 1.816377162933349609e+00
9.991852641105651855e-01 6.983048319816589355e-01 4.458890557289123535e-01 5.753506422042846680e-01 6.989474296569824219e-01 -4.606173634529113770e-01
1.683721393346786499e-01 4.122481346130371094e-01 6.268886923789978027e-01 6.524876952171325684e-01 4.219830036163330078e-02 5.341215729713439941e-01
1.161712780594825745e-01 6.354009509086608887e-01 7.516946196556091309e-01 9.083985090255737305e-01 7.148355245590209961e-01 -3.134062886238098145e-02
3.040416166186332703e-02 6.300177574157714844e-01 7.972360849380493164e-01 2.673161625862121582e-01 6.508301496505737305e-01 2.109680771827697754e-01
3.537013232707977295e-01 9.478248953819274902e-01 2.398822903633117676e-01 2.393224835395812988e-01 7.143692374229431152e-01 3.599011898040771484e-02
9.999443292617797852e-01 2.820597887039184570e-01 4.600905179977416992e-01 9.929326176643371582e-01 5.128570795059204102e-01 8.472907543182373047e-01
6.327906847000122070e-01 8.812640309333801270e-01 8.548898100852966309e-01 5.427594780921936035e-01 8.308136463165283203e-01 1.167570829391479492e+00
8.889327645301818848e-01 3.897243738174438477e-02 9.821526408195495605e-01 7.033700346946716309e-01 5.352796316146850586e-01 1.352740824222564697e-01
3.933009691536426544e-03 3.740090131759643555e-01 9.357025623321533203e-01 4.583985805511474609e-01 6.018319129943847656e-01 7.084589004516601562e-01
5.434774160385131836e-01 3.959185481071472168e-01 7.783490419387817383e-02 6.608916521072387695e-01 5.493707060813903809e-01 3.006284236907958984e-01
6.025264859199523926e-01 4.982624650001525879e-01 9.237443208694458008e-01 1.732805967330932617e-01 8.120633363723754883e-01 -2.634907364845275879e-01
9.644471406936645508e-01 6.880149841308593750e-01 5.533853769302368164e-01 3.807092308998107910e-01 1.519741415977478027e-01 -3.312043547630310059e-01
2.980280434712767601e-03 2.105325460433959961e-02 7.567929029464721680e-01 6.689012050628662109e-02 8.311638832092285156e-01 -4.999255239963531494e-01
6.670329570770263672e-01 5.110123753547668457e-01 5.251966118812561035e-01 7.443231940269470215e-01 7.368033528327941895e-01 3.797481358051300049e-01
8.612298369407653809e-01 8.734471797943115234e-01 8.894158601760864258e-01 9.846995472908020020e-01 8.901786208152770996e-01 -9.616613388061523438e-02
6.346521973609924316e-01 6.162089109420776367e-01 6.672710776329040527e-01 3.997042775154113770e-01 9.349315166473388672e-01 2.805562615394592285e-01
9.792413562536239624e-03 8.648667931556701660e-01 3.120217323303222656e-01 3.381349444389343262e-01 2.568469047546386719e-01 -2.129130065441131592e-01
8.640121817588806152e-01 5.149919986724853516e-01 2.659676671028137207e-01 7.099968791007995605e-01 9.342696666717529297e-01 8.262266218662261963e-02
9.442075490951538086e-01 4.434709548950195312e-01 5.475665330886840820e-01 4.716475009918212891e-01 4.323227405548095703e-01 1.994757950305938721e-01
9.996958971023559570e-01 7.174393534660339355e-01 7.267882823944091797e-01 2.318894863128662109e-01 3.713610172271728516e-01 2.138888090848922729e-01
4.502965211868286133e-01 4.879120588302612305e-01 7.995754480361938477e-02 8.142504692077636719e-01 3.144745230674743652e-01 3.460522592067718506e-01
1.606620103120803833e-02 5.538044571876525879e-01 8.803651332855224609e-01 6.485239863395690918e-01 9.543524384498596191e-01 3.892962336540222168e-01
4.568527340888977051e-01 5.308019518852233887e-01 8.613577485084533691e-01 4.688141942024230957e-01 1.492916941642761230e-01 1.729183912277221680e+00
2.214642167091369629e-01 1.519601941108703613e-01 5.239142775535583496e-01 2.102226018905639648e-01 8.972021937370300293e-01 9.685181379318237305e-01
9.738149642944335938e-01 9.587333202362060547e-01 1.151056289672851562e-01 8.159395456314086914e-01 2.408250570297241211e-01 7.003259658813476562e-02
4.807299077510833740e-01 6.307458877563476562e-02 1.054613590240478516e-01 2.724719047546386719e-01 3.453826904296875000e-02 1.031158208847045898e+00
5.860938429832458496e-01 2.076275944709777832e-01 6.818701624870300293e-01 4.902657270431518555e-01 5.418725609779357910e-01 7.576669454574584961e-01
2.112210839986801147e-01 7.623475790023803711e-01 7.731282711029052734e-01 6.759511828422546387e-01 8.343470096588134766e-01 1.424790918827056885e-01
2.186212688684463501e-01 3.635555505752563477e-01 8.827766180038452148e-01 4.117094278335571289e-01 8.616268634796142578e-01 -3.917995095252990723e-02
8.675460219383239746e-01 2.286764383316040039e-01 8.579899072647094727e-01 6.009817123413085938e-03 7.029020786285400391e-01 7.395538091659545898e-01
9.026892781257629395e-01 6.712712049484252930e-01 4.359383583068847656e-01 2.475560903549194336e-01 4.069531559944152832e-01 5.939351916313171387e-01
9.761180281639099121e-01 1.369127631187438965e-01 9.876001477241516113e-01 2.313196063041687012e-01 2.514270544052124023e-01 3.104459047317504883e-01
9.220678806304931641e-01 5.691984891891479492e-01 7.396010160446166992e-01 1.845428943634033203e-01 8.413997292518615723e-01 -9.996126592159271240e-02
9.875980019569396973e-01 1.540495157241821289e-01 5.679375529289245605e-01 9.362965822219848633e-01 2.824060320854187012e-01 1.031418442726135254e-01
2.221788279712200165e-02 9.971364736557006836e-01 3.397525548934936523e-01 5.058082342147827148e-01 2.667204141616821289e-01 -4.309383034706115723e-02
9.998287558555603027e-01 7.522741556167602539e-01 1.201864480972290039e-01 7.021381258964538574e-01 5.774097442626953125e-01 -4.517059326171875000e-01
1.342766135931015015e-01 5.824288725852966309e-01 6.392188072204589844e-01 1.575733423233032227e-01 4.360466003417968750e-01 -5.661873817443847656e-01
2.607335448265075684e-01 9.076761007308959961e-01 6.883550286293029785e-01 2.279731631278991699e-01 3.253472447395324707e-01 -3.712011575698852539e-01
9.704888463020324707e-01 4.308688640594482422e-01 9.197087287902832031e-01 5.173528790473937988e-01 4.951681494712829590e-01 6.748847365379333496e-01
8.213655352592468262e-01 4.057413339614868164e-02 8.722051382064819336e-01 4.240036606788635254e-01 5.814629793167114258e-01 -2.030780315399169922e-01
3.070701956748962402e-01 4.870026707649230957e-01 5.483236908912658691e-01 7.861048579216003418e-01 2.544602155685424805e-01 1.008690953254699707e+00
7.774680852890014648e-01 3.526074290275573730e-01 6.798644065856933594e-01 2.144025564193725586e-01 2.032092213630676270e-01 1.177796244621276855e+00
5.181001424789428711e-01 8.702058196067810059e-01 1.674027442932128906e-01 7.133802771568298340e-01 5.976946353912353516e-01 1.321932077407836914e+00
1.152603626251220703e-01 3.059570193290710449e-01 3.161253333091735840e-01 4.382920265197753906e-01 2.128092646598815918e-01 2.102169543504714966e-01
7.318456768989562988e-01 4.522280097007751465e-01 5.528488755226135254e-01 7.893605828285217285e-01 6.946461796760559082e-01 4.542175531387329102e-01
8.644047379493713379e-02 7.147206068038940430e-01 7.814928293228149414e-01 6.251264810562133789e-01 2.712458968162536621e-01 8.508027791976928711e-01
1.768541894853115082e-02 7.536770701408386230e-01 5.313735008239746094e-01 1.611397862434387207e-01 7.957763075828552246e-01 8.675325512886047363e-01
2.784388363361358643e-01 6.780001521110534668e-01 4.858141541481018066e-01 4.043999314308166504e-01 3.504471182823181152e-01 -2.776867449283599854e-01
1.212357804179191589e-01 6.755513548851013184e-01 1.224014163017272949e-01 7.436176538467407227e-01 3.417000174522399902e-01 6.027002334594726562e-01
9.940145611763000488e-01 5.787240862846374512e-01 5.387302637100219727e-01 7.601698040962219238e-01 1.914477944374084473e-01 2.799258828163146973e-01
3.788059055805206299e-01 8.296257257461547852e-01 7.053125500679016113e-01 9.145089983940124512e-01 2.270634770393371582e-01 9.421260356903076172e-01
1.974516361951828003e-01 8.750388026237487793e-01 8.635665774345397949e-01 3.679360151290893555e-01 5.253736972808837891e-01 1.125560522079467773e+00
9.006149172782897949e-01 9.531502127647399902e-01 1.389473676681518555e-02 3.667190074920654297e-01 9.257038235664367676e-01 -6.232291460037231445e-02
2.497631013393402100e-01 7.971224784851074219e-01 8.464540839195251465e-01 1.421262621879577637e-01 2.323746085166931152e-01 5.724512338638305664e-01
9.130375385284423828e-01 1.815648674964904785e-01 5.463680624961853027e-01 2.008545994758605957e-01 3.105294704437255859e-02 2.657992839813232422e-01
2.698005139827728271e-01 3.792186379432678223e-01 5.556729435920715332e-01 1.557422280311584473e-01 1.028140187263488770e-01 -2.091760188341140747e-01
9.849904775619506836e-01 3.308922052383422852e-02 4.665451645851135254e-01 4.667183756828308105e-01 4.043747186660766602e-01 3.074863255023956299e-01
5.332775413990020752e-02 4.522692561149597168e-01 3.880661129951477051e-01 4.779625535011291504e-01 1.730897426605224609e-01 -4.218417406082153320e-01
3.558514416217803955e-01 7.819427251815795898e-01 6.835034489631652832e-01 5.997080802917480469e-01 9.334980249404907227e-01 8.791579008102416992e-01
8.475806564092636108e-02 1.696912646293640137e-01 4.553639888763427734e-02 2.324657440185546875e-01 4.107762575149536133e-01 -1.689794510602951050e-01
8.985633254051208496e-01 7.283391952514648438e-01 6.845884919166564941e-01 6.236364841461181641e-01 3.197861909866333008e-01 -1.413083076477050781e-02
8.143458366394042969e-01 6.792278885841369629e-01 3.636951446533203125e-01 9.608501195907592773e-01 5.127979516983032227e-01 2.660364508628845215e-01
9.860718846321105957e-01 3.730719685554504395e-01 4.485851526260375977e-02 2.198644280433654785e-01 1.271033883094787598e-01 9.638276100158691406e-01
8.288612961769104004e-02 2.333927154541015625e-02 8.230143785476684570e-01 6.033804416656494141e-01 8.826636075973510742e-01 8.006476163864135742e-01
2.022037953138351440e-01 8.303164839744567871e-01 6.508886814117431641e-03 8.425647020339965820e-02 9.358363151550292969e-01 -5.469374656677246094e-01
8.904290199279785156e-01 4.383867979049682617e-01 2.708666324615478516e-01 1.722414493560791016e-01 2.396463155746459961e-01 4.837880432605743408e-01
1.654842793941497803e-01 6.406277418136596680e-02 2.928971648216247559e-01 7.990172505378723145e-01 8.270279765129089355e-01 -3.082096576690673828e-01
9.650146961212158203e-01 4.973821640014648438e-01 2.735377550125122070e-01 4.915659427642822266e-01 3.359186053276062012e-01 -2.382748723030090332e-01
5.084128677845001221e-02 5.161033272743225098e-01 3.997750878334045410e-01 7.689666748046875000e-02 5.907183885574340820e-01 4.375154972076416016e-01
9.402396678924560547e-01 3.872223496437072754e-01 4.056655764579772949e-01 2.097021341323852539e-01 5.349939465522766113e-01 -5.952275395393371582e-01
8.457333445549011230e-01 5.804752707481384277e-01 3.837836980819702148e-01 5.273669362068176270e-01 5.277419686317443848e-01 9.016457796096801758e-01
9.999654889106750488e-01 9.308107495307922363e-01 8.311019539833068848e-01 4.059668779373168945e-01 2.615257501602172852e-01 4.773020744323730469e-02
4.862449467182159424e-01 5.428720116615295410e-01 8.452859520912170410e-01 4.387544989585876465e-01 2.007840275764465332e-01 5.327241420745849609e-01
3.383361501619219780e-03 7.773857116699218750e-01 2.166262865066528320e-01 7.857238650321960449e-01 2.506047487258911133e-01 6.351876258850097656e-01
2.636632025241851807e-01 3.430993556976318359e-01 6.377942562103271484e-01 3.162026405334472656e-03 6.948208212852478027e-01 -3.548867106437683105e-01
8.831115961074829102e-01 5.383428931236267090e-01 7.789320945739746094e-01 8.008897900581359863e-01 1.262997984886169434e-01 9.618874788284301758e-01
8.371165953576564789e-03 9.481759071350097656e-01 1.815187931060791016e-01 2.334072589874267578e-01 2.654361128807067871e-01 3.542343378067016602e-01
